

```python
import numpy as np
```


```python
A = np.array([[1,2,3],[4,5,6],[7,8,9]])
A
```




    array([[1, 2, 3],
           [4, 5, 6],
           [7, 8, 9]])




```python
A[1,:] # 2번째 행
```




    array([4, 5, 6])




```python
A[:,2] # 3번째 열
```




    array([3, 6, 9])




```python
np.transpose(A)
```




    array([[1, 4, 7],
           [2, 5, 8],
           [3, 6, 9]])




```python
B = np.array([[1],[2],[3]]) # 벡터
B
```




    array([[1],
           [2],
           [3]])




```python
np.transpose(B)
```




    array([[1, 2, 3]])




```python
C = np.array([1]) # 스칼라
C
```




    array([1])




```python
np.transpose(C)
```




    array([1])




```python
A = np.array([[1,2,3],[4,5,6],[7,8,9]])
B = np.array([[2,4],[1,3],[5,6]])
```


```python
np.dot(A,B)
```




    array([[ 19,  28],
           [ 43,  67],
           [ 67, 106]])




```python
np.matmul(A,B)
```




    array([[ 19,  28],
           [ 43,  67],
           [ 67, 106]])




```python
A = np.array([[1],[2],[3]])
B = np.array([[4],[5],[6]])
```


```python
np.dot(np.transpose(A),B)
```




    array([[32]])




```python
np.dot(np.transpose(B),A)
```




    array([[32]])




```python
np.eye(3) # 단위행렬
```




    array([[1., 0., 0.],
           [0., 1., 0.],
           [0., 0., 1.]])




```python
A = np.array([[1,2,3],[4,5,6],[7,8,6]])
A
```




    array([[1, 2, 3],
           [4, 5, 6],
           [7, 8, 6]])




```python
np.linalg.inv(A) # A의 역행렬
```




    array([[-2.        ,  1.33333333, -0.33333333],
           [ 2.        , -1.66666667,  0.66666667],
           [-0.33333333,  0.66666667, -0.33333333]])




```python
A = np.array([[1,2,3,4,5]])
A
```




    array([[1, 2, 3, 4, 5]])




```python
np.linalg.norm(A)
```




    7.416198487095663




```python
A = np.array([[1,2,3],[4,5,6],[7,8,6]])
A
```




    array([[1, 2, 3],
           [4, 5, 6],
           [7, 8, 6]])




```python
np.diag(np.diag(A))
```




    array([[1, 0, 0],
           [0, 5, 0],
           [0, 0, 6]])




```python
A = np.array([[1,2,3],[4,5,6],[7,8,6]])
A
```




    array([[1, 2, 3],
           [4, 5, 6],
           [7, 8, 6]])




```python
np.linalg.det(A)
```




    8.999999999999998




```python
B = np.array([[1,2],[3,4]])
B
```




    array([[1, 2],
           [3, 4]])




```python
np.linalg.det(B)
```




    -2.0000000000000004




```python
np.trace(A)
```




    12




```python
np.trace(np.transpose(A))
```




    12




```python
w,v = np.linalg.eig(B) # w : 고유값, v : 고유벡터
```


```python
w[0]*w[1]
```




    -1.9999999999999998




```python
np.diag(A)
```




    array([1, 5, 6])




```python
A = np.array([[[1,2,3],[4,5,6]],[[7,8,9],[10,11,12]]])
A
```




    array([[[ 1,  2,  3],
            [ 4,  5,  6]],
    
           [[ 7,  8,  9],
            [10, 11, 12]]])




```python
import numpy as np
```

    [[8 3 6]
     [7 4 9]
     [2 9 4]
     [4 1 1]
     [6 7 5]]
    


```python
x= np.array([[8,3,6],[7,4,9],[2,9,4],[4,1,1],[6,7,5]])
print(x)
```

    [[8 3 6]
     [7 4 9]
     [2 9 4]
     [4 1 1]
     [6 7 5]]
    


```python
L1_norm = np.linalg.norm(x, axis=1, ord=1)
print(L1_norm)
```

    [17. 20. 15.  6. 18.]
    


```python
L2_norm = np.linalg.norm(x, axis=1, ord=2)
print(L2_norm)
```

    [10.44030651 12.08304597 10.04987562  4.24264069 10.48808848]
    


```python
np.linalg.norm(x, axis=1, ord=2, keepdims=True)
```




    array([[10.44030651],
           [12.08304597],
           [10.04987562],
           [ 4.24264069],
           [10.48808848]])




```python
A = np.array([[1, 2], [2, 3]])
w1, V1 = np.linalg.eig(A)
print(A)
```

    [[1 2]
     [2 3]]
    


```python
print(w1) # 고유값
```

    [-0.23606798  4.23606798]
    


```python
print(V1) # 고유벡터
```

    [[-0.85065081 -0.52573111]
     [ 0.52573111 -0.85065081]]
    


```python
A = np.array([[3, -1], [1, 3], [1, 1]])
U, S, VT = np.linalg.svd(A)
```


```python
U
```




    array([[-4.08248290e-01,  8.94427191e-01, -1.82574186e-01],
           [-8.16496581e-01, -4.47213595e-01, -3.65148372e-01],
           [-4.08248290e-01, -2.06937879e-16,  9.12870929e-01]])




```python
S
```




    array([3.46410162, 3.16227766])




```python
VT
```




    array([[-0.70710678, -0.70710678],
           [ 0.70710678, -0.70710678]])




```python
U @ np.diag(S, 1)[:, 1:] @ VT # @는 matmul
```




    array([[ 3., -1.],
           [ 1.,  3.],
           [ 1.,  1.]])




```python

```
